59.664240649999996, 10.794071316666667
59.6642069, 10.794090583333332
59.66434928333334, 10.794018433333333
59.66432831666667, 10.794114783333333
59.6643184, 10.79411495
59.66429516666667, 10.794124666666667
59.664293916666665, 10.794102366666667
59.66428603333333, 10.794096583333333
59.66427446666667, 10.794100616666666
59.66428723333333, 10.794085533333334
59.66428475, 10.794084183333334
59.664300016666665, 10.794089583333333
59.664305633333335, 10.794084166666666
59.66430335, 10.794094133333333
59.66430631666667, 10.794098283333334
59.6643101, 10.794098016666666
59.66431291666667, 10.794094533333332
59.66431623333333, 10.794089616666668
59.66432325, 10.794079666666667
59.66432558333333, 10.794077216666667
59.664326016666664, 10.794077333333334
59.664326716666665, 10.794076316666667
59.66432726666667, 10.794075533333332
59.66432738333334, 10.794075466666667
59.664327433333334, 10.794075466666667
59.6643275, 10.79407545
59.66432765, 10.794075416666667
59.66432768333333, 10.794075466666667
59.6643277, 10.794075566666667
59.664327666666665, 10.794075716666667
59.66432758333333, 10.794076
59.664327566666664, 10.794076066666667
59.66432748333333, 10.794076216666667
59.66432751666667, 10.79407625
59.664326816666666, 10.794077883333333
59.66435826666667, 10.79406385
59.66439071666667, 10.794053516666667
59.66443398333333, 10.794055633333333
59.66449538333333, 10.794031666666667
59.664586183333334, 10.793987483333334
59.664657133333336, 10.793946966666667
59.6647369, 10.79391045
59.6648061, 10.793866433333333
59.66489368333333, 10.793841916666667
59.665005283333336, 10.793802233333333
59.66511606666667, 10.793769683333334
59.66520195, 10.793750433333333
59.66530086666667, 10.7937211
59.66539113333333, 10.793749816666667
59.66547516666667, 10.793816833333333
59.66559601666667, 10.7937329
59.66588051666667, 10.7936472
59.66605321666667, 10.7936309
59.666256716666666, 10.793580316666667
59.66642133333333, 10.793567233333333
59.66661235, 10.793562716666667
59.666815166666666, 10.793503833333334
59.6670376, 10.793442566666666
59.66730775, 10.7934128
59.667485633333335, 10.793417383333333
59.66770095, 10.793529833333332
59.66791678333333, 10.793541133333333
59.668154466666664, 10.793586833333332
59.66839025, 10.793611333333333
59.66867115, 10.793601816666667
59.668936783333336, 10.793650733333333
59.66917418333333, 10.793728533333333
59.66940338333333, 10.793826433333333
59.66967281666667, 10.793936216666667
59.66991925, 10.794060716666667
59.67015898333333, 10.794205183333334
59.67043378333334, 10.794324366666666
59.670697966666665, 10.794435866666667
59.67097903333333, 10.794543866666666
59.67126158333333, 10.794649516666666
59.67154841666667, 10.794748533333333
59.67183013333333, 10.794876816666667
59.672108433333335, 10.795017416666667
59.67241261666667, 10.795118583333334
59.67269768333333, 10.795269116666667
59.67299346666667, 10.795389033333333
59.67328596666667, 10.795513983333333
59.673610016666665, 10.795626516666667
59.67390846666667, 10.795733333333333
59.67420491666667, 10.795848783333334
59.67450613333333, 10.795963466666667
59.674796083333334, 10.796109383333333
59.67509483333333, 10.796224833333333
59.675429066666666, 10.796353466666666
59.675767916666665, 10.7964512
59.67615826666667, 10.7965398
59.676483033333334, 10.796630933333333
59.676799116666665, 10.796756133333334
59.67711523333333, 10.796887
59.67742485, 10.7970163
59.67773833333333, 10.797153483333334
59.67804685, 10.797262916666666
59.6783588, 10.79736585
59.678681483333335, 10.797419716666667
59.678982166666664, 10.797537783333333
59.67928431666667, 10.7977098
59.67959845, 10.797791483333333
59.679901566666665, 10.797898933333334
59.68021806666667, 10.798012166666666
59.680542833333334, 10.798131716666667
59.680849216666665, 10.798292616666666
59.68118616666667, 10.79843655
59.68149755, 10.79857775
59.68177548333333, 10.798813166666667
59.682084333333336, 10.798947833333333
59.68238743333333, 10.799102266666667
59.682735666666666, 10.7991517
59.683044566666666, 10.799204383333333
59.68335998333333, 10.799313316666666
59.683657116666666, 10.79936115
59.68397291666667, 10.799455566666667
59.68429056666667, 10.799604183333333
59.68459845, 10.79969875
59.68491448333333, 10.799821283333333
59.6852301, 10.799893083333334
59.68556495, 10.799987466666666
59.68589888333333, 10.800132733333333
59.68621606666667, 10.800274016666666
59.68658215, 10.800424833333333
59.68689813333334, 10.800584033333333
59.68720423333333, 10.800751483333332
59.687508533333336, 10.800921783333333
59.687819733333335, 10.80111195
59.688134416666664, 10.801305516666666
59.68842711666667, 10.8014806
59.688734016666665, 10.801686733333334
59.689040866666666, 10.801887366666667
59.68935956666667, 10.802103866666666
59.68965741666667, 10.802337733333333
59.689935416666664, 10.8025699
59.69023385, 10.8028133
59.69052755, 10.803060483333333
59.69079563333333, 10.803333616666666
59.691082, 10.803599516666667
59.691355566666665, 10.8038822
59.691636, 10.8041753
59.69192341666667, 10.804465816666667
59.69223098333333, 10.804797183333333
59.69254816666667, 10.805095416666667
59.692877816666666, 10.805380416666667
59.69317591666667, 10.805668733333333
59.69342006666667, 10.805963716666668
59.693713116666665, 10.8062662
59.69399713333333, 10.806595766666666
59.69427531666667, 10.806909266666667
59.69453346666667, 10.807200433333334
59.69480983333333, 10.807519933333333
59.6950778, 10.807817383333333
59.69534161666667, 10.8080874
59.695598366666665, 10.8083773
59.69587258333333, 10.808686766666666
59.69613603333333, 10.808972516666667
59.69640015, 10.809243816666667
59.69662793333333, 10.8095995
59.69684828333333, 10.809875083333333
59.697028816666666, 10.810138383333333
59.697343583333335, 10.810473716666667
59.69757245, 10.81077905
59.69774893333334, 10.811052133333334
59.697968816666666, 10.811330333333334
59.69818073333333, 10.811611233333334
59.698392283333334, 10.811826116666667
59.698555516666666, 10.812124566666666
59.69873363333333, 10.8123997
59.69889018333333, 10.8126887
59.69908083333333, 10.81294965
59.69925456666667, 10.813214083333333
59.69939513333333, 10.813465216666666
59.6995701, 10.81373825
59.699727083333336, 10.813999833333334
59.699882566666666, 10.814258283333332
59.70003633333334, 10.814520516666667
59.70018313333333, 10.814757083333333
59.70033348333333, 10.815005716666667
59.70438816666667, 10.82256695
59.70452363333333, 10.8227988
59.70465851666667, 10.823029483333332
59.70479413333333, 10.82325985
59.704930233333336, 10.823489416666666
59.70506631666667, 10.823717566666666
59.70520303333333, 10.823944616666667
59.70534093333333, 10.82417135
59.705434616666665, 10.824327883333334
59.70548573333333, 10.824209533333333
59.7055813, 10.824336533333334
59.70561443333333, 10.824376683333334
59.70568146666667, 10.8245017
59.705716966666664, 10.824676583333334
59.7057926, 10.824829766666667
59.70586055, 10.824973616666666
59.70595625, 10.825062616666667
59.70603941666667, 10.825178433333333
59.70613455, 10.82528295
59.706216616666666, 10.825388283333334
59.70629686666667, 10.825499683333334
59.70638133333333, 10.825622166666667
59.706460883333335, 10.825718983333333
59.70655015, 10.825821
59.70663016666666, 10.825917066666667
59.7066932, 10.826005183333333
59.706763816666665, 10.826107116666666
59.70685363333333, 10.826225183333333
59.70696035, 10.8263143
59.70707538333333, 10.826394783333333
59.707146116666664, 10.826504666666667
59.70720503333333, 10.826607366666666
59.7072824, 10.82667285
59.70736336666667, 10.826745916666667
59.707425183333335, 10.826837983333334
59.707469366666665, 10.826902266666666
59.70751131666667, 10.82696435
59.70755771666666, 10.827048966666666
59.70761395, 10.827089783333333
59.7076578, 10.827142833333333
59.70768768333333, 10.827205233333334
59.70772971666667, 10.827268366666667
59.70777116666667, 10.827314033333334
59.70782635, 10.827347983333333
59.707859516666666, 10.827381616666667
59.70789353333333, 10.827404833333333
59.70791463333333, 10.827426183333333
59.707939016666664, 10.827419233333334
59.707959566666666, 10.827497466666667
59.708002666666665, 10.827528883333333
59.70800918333333, 10.827565116666667
59.70800581666666, 10.827571233333334
59.7080161, 10.827581683333333
59.70801601666667, 10.827592033333334
59.70802273333334, 10.827601833333333
59.7080364, 10.827611566666667
59.708042733333336, 10.827617416666667
59.70802606666667, 10.8276166
59.708014416666664, 10.827613716666667
59.7080097, 10.827607966666667
59.708004366666664, 10.827604416666667
59.70800258333333, 10.82760405
59.708000483333336, 10.827607216666667
59.707995733333334, 10.827609433333333
59.70799458333333, 10.827612616666666
59.70799468333333, 10.827614433333334
59.7079939, 10.827616766666667
59.70799375, 10.827618483333334
59.707993216666665, 10.827619783333333
59.707992016666665, 10.827620233333333
59.70799195, 10.827620333333334
59.707990433333336, 10.827619866666666
59.707990366666664, 10.827620016666666
59.707990683333335, 10.827620333333334
59.70799088333333, 10.827620466666668
59.70799143333333, 10.827620716666667
59.707992016666665, 10.827620783333334
59.70799233333334, 10.827620866666667
59.707993083333335, 10.827621233333334
59.707993466666665, 10.827621433333332
59.70799361666667, 10.827621533333334
59.707993716666664, 10.827621583333332
59.70799388333333, 10.827621666666667
59.70799395, 10.827621683333334
59.707993933333334, 10.827621666666667
59.707993916666666, 10.82762165
59.70799388333333, 10.827621666666667
59.70799386666667, 10.827621716666666
59.70799385, 10.827621716666666
59.7079939, 10.827621716666666
59.707993916666666, 10.827621716666666
59.70799388333333, 10.8276217
59.70799388333333, 10.827621666666667
59.70799388333333, 10.827621616666667
59.707993933333334, 10.827621616666667
59.707994166666666, 10.827621516666667
59.70799425, 10.827621483333333
59.707994283333335, 10.827621466666667
59.707994316666664, 10.82762145
59.707994316666664, 10.827621466666667
59.707994316666664, 10.8276215
59.70799443333333, 10.827621516666667
59.70799445, 10.827621516666667
59.70799443333333, 10.827621516666667
59.707994316666664, 10.827621533333334
59.70799458333333, 10.827621416666666
59.7079947, 10.827621333333333
59.707994766666665, 10.827621283333333
59.70799485, 10.8276212
59.70799486666667, 10.827621133333333
59.70799486666667, 10.8276211
59.70799481666667, 10.827621083333334
59.70799473333334, 10.827621116666666
59.707994666666664, 10.827621166666667
59.707994633333335, 10.827621183333333
59.70799461666667, 10.827621233333334
59.70799458333333, 10.82762125
59.70799458333333, 10.827621283333333
59.70799458333333, 10.827621316666667
59.70799456666667, 10.827621316666667
59.707994533333334, 10.827621316666667
59.707994516666666, 10.827621333333333
59.707994516666666, 10.827621333333333
59.707994516666666, 10.827621333333333
59.7079945, 10.827621333333333
59.70799448333333, 10.827621316666667
59.707994516666666, 10.827621333333333
59.707994533333334, 10.827621333333333
59.707994516666666, 10.82762135
59.707994516666666, 10.827621366666667
59.707994516666666, 10.8276214
59.70799446666667, 10.827621433333332
59.70799446666667, 10.827621483333333
59.70799445, 10.827621533333334
59.70799446666667, 10.827621583333332
59.707994516666666, 10.827621633333333
59.707994533333334, 10.827621666666667
59.70799455, 10.827621683333334
59.70799456666667, 10.827621683333334
59.70799458333333, 10.8276217
59.70799458333333, 10.8276217
59.70799461666667, 10.827621683333334
59.70799465, 10.827621683333334
59.707994666666664, 10.827621683333334
59.707994666666664, 10.827621716666666
59.707994633333335, 10.827621733333334
59.70799461666667, 10.827621766666667
59.70799461666667, 10.827621816666667
59.70799461666667, 10.827621833333334
59.7079946, 10.82762185
59.70799458333333, 10.827621833333334
59.70799456666667, 10.827621833333334
59.707994516666666, 10.827621816666667
59.7079945, 10.827621816666667
59.70799448333333, 10.82762185
59.7079945, 10.827621883333334
59.707994516666666, 10.8276219
59.70799455, 10.82762195
59.707994533333334, 10.827622
59.70799455, 10.827622033333334
59.70799456666667, 10.82762205
59.70799456666667, 10.827622066666667
59.70799456666667, 10.827622066666667
59.70799458333333, 10.827622066666667
59.70799458333333, 10.827622083333333
59.70799456666667, 10.8276221
59.70799458333333, 10.8276221
59.7079946, 10.827622116666667
59.70799461666667, 10.82762215
59.707994633333335, 10.827622216666667
59.707994666666664, 10.827622283333334
59.7079947, 10.827622333333334
59.7079947, 10.827622383333333
59.7079947, 10.827622416666667
59.70799468333333, 10.82762245
59.70799468333333, 10.827622466666666
59.707994666666664, 10.827622483333334
59.707994633333335, 10.8276225
59.707994633333335, 10.827622533333333
59.70799461666667, 10.827622533333333
59.70799456666667, 10.827622566666667
59.7079945, 10.827622566666667
59.70799443333333, 10.82762255
59.707994383333336, 10.827622566666667
59.707994383333336, 10.827622583333333
59.70799433333333, 10.827622583333333
59.707994283333335, 10.827622583333333
59.70799423333333, 10.8276226
59.707994183333334, 10.827622633333334
59.707994166666666, 10.827622666666667
59.707994166666666, 10.827622683333333
59.70799415, 10.827622716666667
59.70799413333334, 10.827622733333333
59.7079941, 10.827622766666666
59.707994066666664, 10.827622766666666
59.707994033333335, 10.82762275
59.707994, 10.827622733333333
59.70799398333333, 10.827622716666667
59.707993933333334, 10.827622733333333
59.7079939, 10.827622766666666
59.70799386666667, 10.827622783333334
59.70799383333333, 10.827622816666667
59.707993816666665, 10.827622816666667
59.7079938, 10.82762285
59.707993783333336, 10.827622883333333
59.70799375, 10.827622883333333
59.707993716666664, 10.8276229
59.7079937, 10.827622916666666
59.707993683333335, 10.827622916666666
59.70799366666667, 10.827622933333334
59.70799365, 10.827622916666666
59.70799363333333, 10.827622916666666
59.707993583333334, 10.82762295
59.707993583333334, 10.827622983333333
59.7079936, 10.827623016666667
59.707993583333334, 10.827623033333333
59.707993583333334, 10.82762305
59.70799355, 10.827623083333334
59.7079935, 10.827623116666667
59.707993466666665, 10.827623116666667
59.707993466666665, 10.827623133333333
59.707993433333336, 10.82762315
59.707993433333336, 10.827623166666667
59.70799341666667, 10.82762315
59.707993433333336, 10.82762315
59.707993433333336, 10.82762315
59.707993433333336, 10.827623166666667
59.707993433333336, 10.827623183333333
59.70799341666667, 10.827623183333333
59.70799336666666, 10.827623166666667
59.70799335, 10.827623116666667
59.707993333333334, 10.827623133333333
59.707993333333334, 10.827623133333333
59.70799335, 10.827623116666667
59.707993333333334, 10.827623116666667
59.707993333333334, 10.8276231
59.707993316666666, 10.827623083333334
59.70799328333333, 10.827623066666666
59.70799326666667, 10.827623083333334
59.70799326666667, 10.827623083333334
59.70799328333333, 10.827623083333334
59.70799328333333, 10.827623083333334
59.70799328333333, 10.827623066666666
59.70799328333333, 10.82762305
59.70799328333333, 10.82762305
59.70799326666667, 10.827623066666666
59.70799326666667, 10.827623083333334
59.70799328333333, 10.827623083333334
59.70799328333333, 10.827623133333333
59.70799328333333, 10.827623166666667
59.707993316666666, 10.8276232
59.707993316666666, 10.82762325
59.707993333333334, 10.827623283333333
59.70799336666666, 10.8276233
59.70799336666666, 10.827623316666667
59.707993333333334, 10.827623333333333
59.707993333333334, 10.827623366666666
59.707993333333334, 10.827623383333334
59.707993316666666, 10.827623416666667
59.707993333333334, 10.827623466666667
59.70799336666666, 10.827623516666666
59.70799338333333, 10.82762355
59.7079934, 10.827623583333333
59.70799341666667, 10.827623633333333
59.7079934, 10.827623666666666
59.7079934, 10.827623683333334
59.7079934, 10.827623716666666
59.70799338333333, 10.827623716666666
59.70799338333333, 10.827623733333333
59.7079934, 10.827623733333333
59.70799341666667, 10.827623733333333
59.707993450000004, 10.827623733333333
59.707993433333336, 10.827623733333333
59.70799341666667, 10.827623733333333
59.70799341666667, 10.827623716666666
59.70799341666667, 10.827623716666666
59.7079934, 10.827623716666666
59.70799341666667, 10.8276237
59.70799341666667, 10.8276237
59.707993433333336, 10.827623733333333
59.707993466666665, 10.827623766666667
59.708126433333334, 10.8277308
59.70821418333333, 10.827871816666667
59.708279016666665, 10.827990916666666
59.70835486666667, 10.82810055
59.70845873333333, 10.828195233333334
59.70857076666667, 10.828207016666667
59.70864756666667, 10.828305333333333
59.708748916666664, 10.828355166666666
59.70886831666667, 10.828511016666667
59.708927933333335, 10.828596716666667
59.70899146666667, 10.828708433333333
59.709091783333335, 10.828798233333334
59.70920443333333, 10.828863616666666
59.709293466666665, 10.8289428
59.70937601666667, 10.829034666666667
59.709471433333334, 10.829124716666668
59.70955665, 10.829194766666667
59.709664333333336, 10.829271166666667
59.70975348333333, 10.82935665
59.709848683333334, 10.829424133333333
59.70993361666667, 10.829508716666666
59.71001843333333, 10.8295842
59.71345613333333, 10.832427766666667
59.71352281666667, 10.8324789
59.71361271666667, 10.83254945
59.71373976666667, 10.832594216666667
59.71383623333333, 10.832647433333333
59.71395751666667, 10.832709983333332
59.71406445, 10.832764216666666
59.71419073333333, 10.832807483333333
59.71428995, 10.832857033333333
59.7143839, 10.8329136
59.71446808333334, 10.832940416666666
59.714533483333334, 10.832984483333334
59.71465586666667, 10.832994166666667
59.71474788333333, 10.833016033333333
59.71484396666666, 10.833040833333333
59.714956666666666, 10.83307485
59.715090333333336, 10.8330803
59.7151795, 10.833103516666666
59.715280033333336, 10.833158683333334
59.715389816666665, 10.833191716666667
59.71548981666667, 10.8332218
59.71558028333333, 10.833251166666667
59.715677166666666, 10.833287533333333
59.715771933333336, 10.833370216666667
59.715861933333336, 10.83339445
59.71595421666667, 10.833439433333334
59.71605988333334, 10.833469683333334
59.71616041666667, 10.833507133333333
59.71627491666667, 10.833579133333334
59.716370633333334, 10.83360655
59.71645783333334, 10.833681066666667
59.71655786666667, 10.833739
59.71659855, 10.83378765
59.716719766666664, 10.833832633333333
59.716806516666665, 10.833925616666667
59.71687946666667, 10.83396285
59.71699305, 10.833962083333333
59.717062, 10.834057483333334
59.71713605, 10.834115166666667
59.717224916666666, 10.834163283333334
59.717344366666666, 10.834198466666667
59.717447433333334, 10.83422395
59.71753818333333, 10.834250116666666
59.7176366, 10.834290716666667
59.71774883333333, 10.83434815
59.71786481666667, 10.834370733333333
59.717917883333335, 10.834389466666666
59.718018416666666, 10.834403616666666
59.718142566666664, 10.8344132
59.71824135, 10.834393833333333
59.71834698333333, 10.8344575
59.7184276, 10.83449705
59.7185207, 10.834525633333334
59.71863406666667, 10.834533233333334
59.718722533333334, 10.834551083333332
59.71880781666667, 10.8345786
59.7188869, 10.83463365
59.718981383333336, 10.83466005
59.719057633333335, 10.83465575
59.719141283333336, 10.83469745
59.71921378333333, 10.83470195
59.719289583333335, 10.834738233333333
59.71936878333333, 10.834773833333333
59.71945636666667, 10.834821266666667
59.719571083333335, 10.834813883333334
59.719647683333335, 10.834853816666667
59.71972771666667, 10.834870766666667
59.719820516666665, 10.834925583333334
59.71989266666667, 10.8349694
59.71992968333333, 10.8349711
59.71998478333333, 10.834973783333334
59.720004683333336, 10.834996083333333
59.72003573333333, 10.835035616666667
59.72004141666667, 10.835044283333334
59.720094216666666, 10.835057883333333
59.72011261666667, 10.835075216666667
59.72015365, 10.8350589
59.72018685, 10.835100316666667
59.72020928333333, 10.835107083333334
59.72023453333333, 10.835130833333332
59.72030938333333, 10.83515405
59.72033363333333, 10.835216583333333
59.720351216666664, 10.835246233333333
59.72034021666666, 10.835256116666667
59.72035676666667, 10.8352605
59.7203649, 10.835261716666666
59.72036238333333, 10.83525625
59.72033021666667, 10.835229383333333
59.720308116666665, 10.8352102
59.7202958, 10.835195033333333
59.720291933333336, 10.835186933333333
59.720290516666665, 10.835183733333333
